dtype,mode,n_cases,torch_ms,triton_ms,cutile_ms,speedup_triton,speedup_cutile,triton_vs_cutile
fp16,default,20,100.012,3.20032,2.70624,31.2507,36.9563,0.845613
fp32,default,20,103.039,2.98766,2.87955,34.4882,35.783,0.963815
fp16,autotune,20,99.7288,2.58951,2.72427,38.5126,36.6075,1.05204
fp32,autotune,20,102.934,2.89512,2.88536,35.5544,35.6747,0.996629
