------------------ ------------------------------------------------------ ------ ------ ------ ------ ------- ------- ------ ------ ------ ------ ------------- ------ ------ ------ ------ ------ ------ ------ ------ ------- ------- ------ ------ ------ ------ ------ ------ ------ ------ ------ ------ ------ ------ ------ ------ ------ ------ ------ ------ ------ ------ ------ ------ ------ ------ ------ ------ ------ ------ ------ ------ ------ ------ ------ ------ ------ ------ ------ ------ ------ ------ ------
Kernel Name        matrix_transpose_kernel_kernel                                                                                                                                                                                                                                                                                                                                                                                                                                                                                     
------------------ ------------------------------------------------------ ------ ------ ------ ------ ------- ------- ------ ------ ------ ------ ------------- ------ ------ ------ ------ ------ ------ ------ ------ ------- ------- ------ ------ ------ ------ ------ ------ ------ ------ ------ ------ ------ ------ ------ ------ ------ ------ ------ ------ ------ ------ ------ ------ ------ ------ ------ ------ ------ ------ ------ ------ ------ ------ ------ ------ ------ ------ ------ ------ ------ ------ ------
Address            Source                                                 Warp S Warp S # Samp Instru Thread  Predic  Avg. T Avg. P Avg. P Diverg Addres        Access Access L1 Tag L1 Con L1 Wav L1 Wav L1 Wav L2 The L2 The  L2 The  L2 Exp L2 Exp L2 Exp L2 Exp L2 Exp L2 Exp L2 Exp stall_ stall_ stall_ stall_ stall_ stall_ stall_ stall_ stall_ stall_ stall_ stall_ stall_ stall_ stall_ stall_ stall_ stall_ stall_ stall_ stall_ stall_ stall_ stall_ stall_ stall_ stall_ stall_ stall_ stall_ stall_ stall_ stall_ stall_
                                                                          tall S tall S les    ctions  Instr  ated-O  hreads redica redica ent Br s Spac         Opera  Size   Reque flicts efront efront efront oretic oretic  oretic  licit  licit  licit  licit  licit  licit  licit  barrie branch dispat drain  lg     long_s math   membar mio    misc   no_ins not_se select short_ sleep  tex    wait   barrie branch dispat drain  lg (No long_s math ( membar mio (N misc ( no_ins not_se select short_ sleepi tex (N wait (
                                                                          amplin amplin         Execu uction  n Thre   Execu ted-On ted-On anches e             tion          sts Gl  Share s Shar s Shar s Shar al Sec al Sec  al Sec  Evict  Hit Po Hit Po Hit Po Hit Po Miss P Miss P r      _resol ch                   b                                  t      lected ed     sb                          r (Not _resol ch (No (Not I t Issu b (Not Not Is  (Not  ot Iss Not Is t (Not lected ed (No sb (No ng (No ot Iss Not Is
                                                                          g (All g (Not        ted    s Exec  ad Ins  ted     Threa  Threa                                    obal   d N-Wa ed Exc ed     ed Ide tors G tors G  tors G  Polici licy E licy E licy E licy E olicy  olicy         ving                                                                                                             Issue ving ( t Issu ssued) ed)     Issue sued)  Issued ued)   sued)   Issue  (Not  t Issu t Issu t Issu ued)   sued) 
                                                                           Sampl -issue               uted    tructi         ds Exe ds Une                                           y      essive        al     lobal  lobal   lobal   es     vict F vict L vict N vict N Evict  Evict                                                                                                                         d)     Not Is ed)                  d)            )                    d)     Issued ed)    ed)    ed)                 
                                                                          es)    d Samp                       ons Ex         cuted  xecute                                                                       Excess         Ideal          irst   ast    ormal  ormal  First  Normal                                                                                                                               sued)                                                                 )                                        
                                                                                 les)                         ecuted                d                                                                            ive                                                Demote                                                                                                                                                                                                                                                            
0x7f9d1b5bb000           LDC R1, c[0x0][0x37c]                            16     15     16     81920  2621440 2621440 32     32     0      0      -             -      -      0      0      0      0      0      0      0       0       -      0      0      0      0      0      0      0      0      0      0      0      0      0      0      0      0      16     0      0      0      0      0      0      0      0      0      0      0      0      0      0      0      0      15     0      0      0      0      0      0     
0x7f9d1b5bb010           S2R R2, SR_TID.X                                 359    319    359    81920  2621440 2621440 32     32     0      0      -             -      -      0      0      0      0      0      0      0       0       -      0      0      0      0      0      0      0      0      0      0      0      0      0      0      327    0      0      32     0      0      0      0      0      0      0      0      0      0      0      0      0      319    0      0      0      0      0      0      0      0     
0x7f9d1b5bb020           LDCU.64 UR6, c[0x0][0x358]                       0      0      0      81920  2621440 2621440 32     32     0      0      -             -      -      0      0      0      0      0      0      0       0       -      0      0      0      0      0      0      0      0      0      0      0      0      0      0      0      0      0      0      0      0      0      0      0      0      0      0      0      0      0      0      0      0      0      0      0      0      0      0      0      0     
0x7f9d1b5bb030           SHF.R.U32.HI R0, RZ, 0x5, R2                     52     44     52     81920  2621440 2621440 32     32     0      0      -             -      -      0      0      0      0      0      0      0       0       -      0      0      0      0      0      0      0      0      0      0      0      0      0      0      0      0      0      0      0      52     0      0      0      0      0      0      0      0      0      0      0      0      0      0      0      0      44     0      0      0     
0x7f9d1b5bb040           SHFL.IDX PT, R3, R0, RZ, 0x1f                    111    94     111    81920  2621440 2621440 32     32     0      0      -             -      -      0      0      0      0      0      0      0       0       -      0      0      0      0      0      0      0      0      0      0      0      0      0      0      98     0      0      13     0      0      0      0      0      0      0      0      0      0      0      0      0      94     0      0      0      0      0      0      0      0     
0x7f9d1b5bb050           ISETP.NE.U32.AND P0, PT, R3, RZ, PT              65     50     65     81920  2621440 2621440 32     32     0      0      -             -      -      0      0      0      0      0      0      0       0       -      0      0      0      0      0      0      0      0      0      0      0      0      0      0      0      0      0      0      1      63     0      0      1      0      0      0      0      0      0      0      0      0      0      0      0      0      49     0      0      1     
0x7f9d1b5bb060     @P0   BRA 0x7f9d1b5bb0a0                               4      4      4      81920  2621440 1966080 32     24     8      0      -             -      -      0      0      0      0      0      0      0       0       -      0      0      0      0      0      0      0      0      0      0      0      0      0      0      0      0      0      0      0      0      0      0      4      0      0      0      0      0      0      0      0      0      0      0      0      0      0      0      0      4     
0x7f9d1b5bb070           LDCU.64 UR4, c[0x0][0x348]                       3      3      3      20480  655360  655360  32     32     0      0      -             -      -      0      0      0      0      0      0      0       0       -      0      0      0      0      0      0      0      0      0      0      0      0      0      0      0      0      0      0      0      0      0      0      3      0      0      0      0      0      0      0      0      0      0      0      0      0      0      0      0      3     
0x7f9d1b5bb080           UTMACCTL.PF [UR4]                                4      4      4      20480  655360  655360  32     32     0      0      -             -      -      0      0      0      0      0      0      0       0       -      0      0      0      0      0      0      0      0      0      0      0      0      0      0      0      0      0      0      0      4      0      0      0      0      0      0      0      0      0      0      0      0      0      0      0      0      4      0      0      0     
0x7f9d1b5bb090           NOP                                              0      0      0      20480  655360  655360  32     32     0      0      -             -      -      0      0      0      0      0      0      0       0       -      0      0      0      0      0      0      0      0      0      0      0      0      0      0      0      0      0      0      0      0      0      0      0      0      0      0      0      0      0      0      0      0      0      0      0      0      0      0      0      0     
0x7f9d1b5bb0a0           S2UR UR4, SR_CTAID.Y                             5      4      5      81920  2621440 2621440 32     32     0      0      -             -      -      0      0      0      0      0      0      0       0       -      0      0      0      0      0      0      0      2      0      0      0      3      0      0      0      0      0      0      0      0      0      0      0      0      1      0      0      0      3      0      0      0      0      0      0      0      0      0      0      0     
0x7f9d1b5bb0b0           LDCU.64 UR10, c[0x0][0x400]                      1      0      1      81920  2621440 2621440 32     32     0      0      -             -      -      0      0      0      0      0      0      0       0       -      0      0      0      0      0      0      0      0      0      0      0      0      0      0      0      0      0      0      1      0      0      0      0      0      0      0      0      0      0      0      0      0      0      0      0      0      0      0      0      0     
0x7f9d1b5bb0c0           SHF.R.U32.HI R3, RZ, 0x2, R2                     0      0      0      81920  2621440 2621440 32     32     0      0      -             -      -      0      0      0      0      0      0      0       0       -      0      0      0      0      0      0      0      0      0      0      0      0      0      0      0      0      0      0      0      0      0      0      0      0      0      0      0      0      0      0      0      0      0      0      0      0      0      0      0      0     
0x7f9d1b5bb0d0           IMAD.SHL.U32 R6, R2, 0x10, RZ                    0      0      0      81920  2621440 2621440 32     32     0      0      -             -      -      0      0      0      0      0      0      0       0       -      0      0      0      0      0      0      0      0      0      0      0      0      0      0      0      0      0      0      0      0      0      0      0      0      0      0      0      0      0      0      0      0      0      0      0      0      0      0      0      0     
0x7f9d1b5bb0e0           S2UR UR8, SR_CTAID.X                             1      0      1      81920  2621440 2621440 32     32     0      0      -             -      -      0      0      0      0      0      0      0       0       -      0      0      0      0      0      0      0      0      0      0      0      0      0      0      0      0      0      1      0      0      0      0      0      0      0      0      0      0      0      0      0      0      0      0      0      0      0      0      0      0     
0x7f9d1b5bb0f0           USHF.L.U32 UR14, UR4, 0x6, URZ                   7      5      7      81920  2621440 2621440 32     32     0      0      -             -      -      0      0      0      0      0      0      0       0       -      0      0      0      0      0      0      0      0      0      0      0      0      0      0      0      0      0      0      1      6      0      0      0      0      0      0      0      0      0      0      0      0      0      0      0      0      5      0      0      0     
0x7f9d1b5bb100           UIMAD UR4, UR8, 0x140000, UR14                   8      3      8      81920  2621440 2621440 32     32     0      0      -             -      -      0      0      0      0      0      0      0       0       -      0      0      0      0      0      0      0      0      0      0      0      0      0      0      0      0      6      0      0      2      0      0      0      0      0      0      0      0      0      0      0      0      0      2      0      0      1      0      0      0     
0x7f9d1b5bb110           IMAD.U32 R4, RZ, RZ, UR4                         2      2      2      81920  2621440 2621440 32     32     0      0      -             -      -      0      0      0      0      0      0      0       0       -      0      0      0      0      0      0      0      0      0      0      0      0      0      0      0      0      0      0      0      0      0      0      2      0      0      0      0      0      0      0      0      0      0      0      0      0      0      0      0      2     
0x7f9d1b5bb120           IMAD R4, R3, 0x5000, R4                          2      1      2      81920  2621440 2621440 32     32     0      0      -             -      -      0      0      0      0      0      0      0       0       -      0      0      0      0      0      0      0      0      0      0      0      0      0      0      0      0      0      0      1      0      0      0      1      0      0      0      0      0      0      0      0      0      0      0      0      0      0      0      0      1     
0x7f9d1b5bb130           LOP3.LUT R3, R6, 0x30, RZ, 0xc0, !PT             0      0      0      81920  2621440 2621440 32     32     0      0      -             -      -      0      0      0      0      0      0      0       0       -      0      0      0      0      0      0      0      0      0      0      0      0      0      0      0      0      0      0      0      0      0      0      0      0      0      0      0      0      0      0      0      0      0      0      0      0      0      0      0      0     
0x7f9d1b5bb140           IMAD.IADD R4, R3, 0x1, R4                        2      2      2      81920  2621440 2621440 32     32     0      0      -             -      -      0      0      0      0      0      0      0       0       -      0      0      0      0      0      0      0      0      0      0      0      0      0      0      0      0      0      0      0      0      0      0      2      0      0      0      0      0      0      0      0      0      0      0      0      0      0      0      0      2     
0x7f9d1b5bb150           IADD3 R4, P0, PT, R4, UR10, RZ                   0      0      0      81920  2621440 2621440 32     32     0      0      -             -      -      0      0      0      0      0      0      0       0       -      0      0      0      0      0      0      0      0      0      0      0      0      0      0      0      0      0      0      0      0      0      0      0      0      0      0      0      0      0      0      0      0      0      0      0      0      0      0      0      0     
0x7f9d1b5bb160           IMAD.X R5, RZ, RZ, UR11, P0                      1      1      1      81920  2621440 2621440 32     32     0      0      -             -      -      0      0      0      0      0      0      0       0       -      0      0      0      0      0      0      0      0      0      0      0      0      0      0      0      0      0      0      0      0      0      0      1      0      0      0      0      0      0      0      0      0      0      0      0      0      0      0      0      1     
0x7f9d1b5bb170           LDG.E.128.CONSTANT R8, desc[UR6][R4.64]          54     46     54     81920  2621440 2621440 32     32     0      0      Global        Load   128    655360 0      0      0      0      0      1310720 1310720        0      0      0      0      0      0      0      0      0      0      0      0      0      0      50     0      0      4      0      0      0      0      0      0      0      0      0      0      0      0      0      46     0      0      0      0      0      0      0      0     
0x7f9d1b5bb180           LDG.E.128.CONSTANT R12, desc[UR6][R4.64+0xa0000] 35     31     35     81920  2621440 2621440 32     32     0      0      Global        Load   128    655360 0      0      0      0      0      1310720 1310720        0      0      0      0      0      0      0      0      0      0      0      0      0      0      29     0      0      4      0      0      0      0      2      0      0      0      0      0      0      0      0      29     0      0      0      0      0      0      0      2     
0x7f9d1b5bb190           S2UR UR5, SR_CgaCtaId                            1      0      1      81920  2621440 2621440 32     32     0      0      -             -      -      0      0      0      0      0      0      0       0       -      0      0      0      0      0      0      0      0      0      0      0      0      0      0      0      0      0      0      1      0      0      0      0      0      0      0      0      0      0      0      0      0      0      0      0      0      0      0      0      0     
0x7f9d1b5bb1a0           UMOV UR4, 0x400                                  2      0      2      81920  2621440 2621440 32     32     0      0      -             -      -      0      0      0      0      0      0      0       0       -      0      0      0      0      0      0      0      0      0      0      0      0      0      0      0      0      0      0      2      0      0      0      0      0      0      0      0      0      0      0      0      0      0      0      0      0      0      0      0      0     
0x7f9d1b5bb1b0           IMAD.SHL.U32 R7, R2, 0x40, RZ                    1      0      1      81920  2621440 2621440 32     32     0      0      -             -      -      0      0      0      0      0      0      0       0       -      0      0      0      0      0      0      0      0      0      0      0      0      0      0      0      0      0      0      1      0      0      0      0      0      0      0      0      0      0      0      0      0      0      0      0      0      0      0      0      0     
0x7f9d1b5bb1c0           SHF.R.U32.HI R16, RZ, 0x6, R2                    0      0      0      81920  2621440 2621440 32     32     0      0      -             -      -      0      0      0      0      0      0      0       0       -      0      0      0      0      0      0      0      0      0      0      0      0      0      0      0      0      0      0      0      0      0      0      0      0      0      0      0      0      0      0      0      0      0      0      0      0      0      0      0      0     
0x7f9d1b5bb1d0           IMAD.SHL.U32 R3, R2, 0x8, RZ                     0      0      0      81920  2621440 2621440 32     32     0      0      -             -      -      0      0      0      0      0      0      0       0       -      0      0      0      0      0      0      0      0      0      0      0      0      0      0      0      0      0      0      0      0      0      0      0      0      0      0      0      0      0      0      0      0      0      0      0      0      0      0      0      0     
0x7f9d1b5bb1e0           LOP3.LUT R0, R0, 0x3, RZ, 0xc0, !PT              0      0      0      81920  2621440 2621440 32     32     0      0      -             -      -      0      0      0      0      0      0      0       0       -      0      0      0      0      0      0      0      0      0      0      0      0      0      0      0      0      0      0      0      0      0      0      0      0      0      0      0      0      0      0      0      0      0      0      0      0      0      0      0      0     
0x7f9d1b5bb1f0           LOP3.LUT R16, R16, 0xfc0, R7, 0xf8, !PT          0      0      0      81920  2621440 2621440 32     32     0      0      -             -      -      0      0      0      0      0      0      0       0       -      0      0      0      0      0      0      0      0      0      0      0      0      0      0      0      0      0      0      0      0      0      0      0      0      0      0      0      0      0      0      0      0      0      0      0      0      0      0      0      0     
0x7f9d1b5bb200           LOP3.LUT R4, R16, 0x20, R3, 0xf8, !PT            26     21     26     81920  2621440 2621440 32     32     0      0      -             -      -      0      0      0      0      0      0      0       0       -      0      0      0      0      0      0      0      0      1      0      0      25     0      0      0      0      0      0      0      0      0      0      0      0      0      0      0      0      21     0      0      0      0      0      0      0      0      0      0      0     
0x7f9d1b5bb210           SHFL.IDX PT, R0, R0, RZ, 0x1f                    28     23     28     81920  2621440 2621440 32     32     0      0      -             -      -      0      0      0      0      0      0      0       0       -      0      0      0      0      0      0      0      0      0      0      0      0      0      0      23     0      0      3      2      0      0      0      0      0      0      0      0      0      0      0      0      23     0      0      0      0      0      0      0      0     
0x7f9d1b5bb220           LOP3.LUT R16, R16, 0x20, R3, 0xf4, !PT           0      0      0      81920  2621440 2621440 32     32     0      0      -             -      -      0      0      0      0      0      0      0       0       -      0      0      0      0      0      0      0      0      0      0      0      0      0      0      0      0      0      0      0      0      0      0      0      0      0      0      0      0      0      0      0      0      0      0      0      0      0      0      0      0     
0x7f9d1b5bb230           LOP3.LUT R18, R4, 0x10, R3, 0xf8, !PT            0      0      0      81920  2621440 2621440 32     32     0      0      -             -      -      0      0      0      0      0      0      0       0       -      0      0      0      0      0      0      0      0      0      0      0      0      0      0      0      0      0      0      0      0      0      0      0      0      0      0      0      0      0      0      0      0      0      0      0      0      0      0      0      0     
0x7f9d1b5bb240           ULEA UR4, UR5, UR4, 0x18                         2      0      2      81920  2621440 2621440 32     32     0      0      -             -      -      0      0      0      0      0      0      0       0       -      0      0      0      0      0      0      0      0      0      0      0      0      0      0      0      0      0      0      2      0      0      0      0      0      0      0      0      0      0      0      0      0      0      0      0      0      0      0      0      0     
0x7f9d1b5bb250           ISETP.NE.U32.AND P0, PT, R0, RZ, PT              46     33     46     81920  2621440 2621440 32     32     0      0      -             -      -      0      0      0      0      0      0      0       0       -      0      0      0      0      0      0      0      0      0      0      0      0      0      0      0      0      0      0      0      46     0      0      0      0      0      0      0      0      0      0      0      0      0      0      0      0      33     0      0      0     
0x7f9d1b5bb260           STS.128 [R6+UR4], R8                             626    533    626    81920  2621440 2621440 32     32     0      0      Shared        Store  128    0      4      0      327680 327680 0      0       0       -      0      0      0      0      0      0      0      0      0      0      0      514    0      0      98     0      0      12     1      0      0      0      1      0      0      0      0      0      436    0      0      96     0      0      0      0      0      0      0      1     
0x7f9d1b5bb270           STS.128 [R6+UR4+0x800], R12                      118    108    118    81920  2621440 2621440 32     32     0      0      Shared        Store  128    0      4      0      327680 327680 0      0       0       -      0      0      0      0      0      0      0      0      0      0      0      70     0      0      43     0      0      2      1      0      0      0      2      0      0      0      0      0      64     0      0      43     0      0      0      0      0      0      0      1     
0x7f9d1b5bb280           BAR.SYNC.DEFER_BLOCKING 0x0                      1      0      1      81920  2621440 2621440 32     32     0      0      -             -      -      0      0      0      0      0      0      0       0       -      0      0      0      0      0      0      0      0      0      0      0      0      0      0      0      0      0      0      1      0      0      0      0      0      0      0      0      0      0      0      0      0      0      0      0      0      0      0      0      0     
0x7f9d1b5bb290           LDS.U8 R17, [R2+UR4]                             234    199    234    81920  2621440 2621440 32     32     0      0      Shared        Load   8      0      1      0      81920  81920  0      0       0       -      0      0      0      0      0      0      208    0      0      0      0      0      0      0      26     0      0      0      0      0      0      0      0      173    0      0      0      0      0      0      0      26     0      0      0      0      0      0      0      0     
0x7f9d1b5bb2a0           STS.U8 [R18+UR4+0x1000], R17                     87     73     87     81920  2621440 2621440 32     32     0      0      Shared        Store  8      0      4      245760 327680 81920  0      0       0       -      0      0      0      0      0      0      0      0      0      0      0      0      0      0      13     0      0      1      2      71     0      0      0      0      0      0      0      0      0      0      0      12     0      0      0      0      61     0      0      0     
0x7f9d1b5bb2b0           LDS.U8 R5, [R2+UR4+0x80]                         19     17     19     81920  2621440 2621440 32     32     0      0      Shared        Load   8      0      1      0      81920  81920  0      0       0       -      0      0      0      0      0      0      0      0      0      0      0      0      0      0      16     0      0      1      1      0      0      0      1      0      0      0      0      0      0      0      0      16     0      0      0      0      0      0      0      1     
0x7f9d1b5bb2c0           STS.U8 [R18+UR4+0x1002], R5                      89     82     89     81920  2621440 2621440 32     32     0      0      Shared        Store  8      0      4      245760 327680 81920  0      0       0       -      0      0      0      0      0      0      0      0      0      0      0      0      0      0      13     0      0      1      0      73     0      0      2      0      0      0      0      0      0      0      0      13     0      0      0      0      67     0      0      2     
0x7f9d1b5bb2d0           LDS.U8 R7, [R2+UR4+0x100]                        15     15     15     81920  2621440 2621440 32     32     0      0      Shared        Load   8      0      1      0      81920  81920  0      0       0       -      0      0      0      0      0      0      0      0      0      0      0      0      0      0      11     0      0      0      0      0      0      0      4      0      0      0      0      0      0      0      0      11     0      0      0      0      0      0      0      4     
0x7f9d1b5bb2e0           STS.U8 [R18+UR4+0x1004], R7                      54     51     54     81920  2621440 2621440 32     32     0      0      Shared        Store  8      0      4      245760 327680 81920  0      0       0       -      0      0      0      0      0      0      0      0      0      0      0      0      0      0      3      0      0      0      0      50     0      0      1      0      0      0      0      0      0      0      0      3      0      0      0      0      47     0      0      1     
0x7f9d1b5bb2f0           LDS.U8 R9, [R2+UR4+0x180]                        9      8      9      81920  2621440 2621440 32     32     0      0      Shared        Load   8      0      1      0      81920  81920  0      0       0       -      0      0      0      0      0      0      0      0      0      0      0      0      0      0      8      0      0      0      1      0      0      0      0      0      0      0      0      0      0      0      0      8      0      0      0      0      0      0      0      0     
0x7f9d1b5bb300           LOP3.LUT R7, R4, 0x10, R3, 0xf4, !PT             27     23     27     81920  2621440 2621440 32     32     0      0      -             -      -      0      0      0      0      0      0      0       0       -      0      0      0      0      0      0      0      0      0      0      0      0      0      0      0      0      0      1      0      26     0      0      0      0      0      0      0      0      0      0      0      0      0      0      0      0      23     0      0      0     
0x7f9d1b5bb310           STS.U8 [R18+UR4+0x1006], R9                      31     27     31     81920  2621440 2621440 32     32     0      0      Shared        Store  8      0      4      245760 327680 81920  0      0       0       -      0      0      0      0      0      0      0      0      0      0      0      0      0      0      1      0      0      0      0      29     0      0      1      0      0      0      0      0      0      0      0      1      0      0      0      0      25     0      0      1     
0x7f9d1b5bb320           LDS.U8 R11, [R2+UR4+0x200]                       10     8      10     81920  2621440 2621440 32     32     0      0      Shared        Load   8      0      1      0      81920  81920  0      0       0       -      0      0      0      0      0      0      0      0      0      0      0      0      0      0      6      0      0      2      0      0      0      0      2      0      0      0      0      0      0      0      0      6      0      0      0      0      0      0      0      2     
0x7f9d1b5bb330           STS.U8 [R18+UR4+0x1008], R11                     60     49     60     81920  2621440 2621440 32     32     0      0      Shared        Store  8      0      4      245760 327680 81920  0      0       0       -      0      0      0      0      0      0      0      0      0      0      0      0      0      0      5      0      0      0      1      53     0      0      1      0      0      0      0      0      0      0      0      5      0      0      0      0      43     0      0      1     
0x7f9d1b5bb340           LDS.U8 R13, [R2+UR4+0x280]                       5      4      5      81920  2621440 2621440 32     32     0      0      Shared        Load   8      0      1      0      81920  81920  0      0       0       -      0      0      0      0      0      0      0      0      0      0      0      0      0      0      4      0      0      1      0      0      0      0      0      0      0      0      0      0      0      0      0      4      0      0      0      0      0      0      0      0     
0x7f9d1b5bb350           STS.U8 [R18+UR4+0x100a], R13                     56     51     56     81920  2621440 2621440 32     32     0      0      Shared        Store  8      0      4      245760 327680 81920  0      0       0       -      0      0      0      0      0      0      0      0      0      0      0      0      0      0      0      0      0      0      0      55     0      0      1      0      0      0      0      0      0      0      0      0      0      0      0      0      50     0      0      1     
0x7f9d1b5bb360           LDS.U8 R15, [R2+UR4+0x300]                       7      6      7      81920  2621440 2621440 32     32     0      0      Shared        Load   8      0      1      0      81920  81920  0      0       0       -      0      0      0      0      0      0      0      0      0      0      0      0      0      0      5      0      0      0      1      0      0      0      1      0      0      0      0      0      0      0      0      5      0      0      0      0      0      0      0      1     
0x7f9d1b5bb370           STS.U8 [R18+UR4+0x100c], R15                     56     52     56     81920  2621440 2621440 32     32     0      0      Shared        Store  8      0      4      245760 327680 81920  0      0       0       -      0      0      0      0      0      0      0      0      0      0      0      0      0      0      0      0      0      0      0      55     0      0      1      0      0      0      0      0      0      0      0      0      0      0      0      0      51     0      0      1     
0x7f9d1b5bb380           LDS.U8 R5, [R2+UR4+0x380]                        5      4      5      81920  2621440 2621440 32     32     0      0      Shared        Load   8      0      1      0      81920  81920  0      0       0       -      0      0      0      0      0      0      0      0      0      0      0      0      0      0      4      0      0      0      1      0      0      0      0      0      0      0      0      0      0      0      0      4      0      0      0      0      0      0      0      0     
0x7f9d1b5bb390           STS.U8 [R18+UR4+0x100e], R5                      67     55     67     81920  2621440 2621440 32     32     0      0      Shared        Store  8      0      4      245760 327680 81920  0      0       0       -      0      0      0      0      0      0      0      0      0      0      0      0      0      0      4      0      0      1      0      61     0      0      1      0      0      0      0      0      0      0      0      4      0      0      0      0      50     0      0      1     
0x7f9d1b5bb3a0           LDS.U8 R6, [R2+UR4+0x400]                        5      4      5      81920  2621440 2621440 32     32     0      0      Shared        Load   8      0      1      0      81920  81920  0      0       0       -      0      0      0      0      0      0      0      0      0      0      0      0      0      0      4      0      0      0      1      0      0      0      0      0      0      0      0      0      0      0      0      4      0      0      0      0      0      0      0      0     
0x7f9d1b5bb3b0           STS.U8 [R7+UR4+0x1000], R6                       60     56     60     81920  2621440 2621440 32     32     0      0      Shared        Store  8      0      4      245760 327680 81920  0      0       0       -      0      0      0      0      0      0      0      0      0      0      0      0      0      0      1      0      0      0      0      59     0      0      0      0      0      0      0      0      0      0      0      1      0      0      0      0      55     0      0      0     
0x7f9d1b5bb3c0           LDS.U8 R4, [R2+UR4+0x480]                        10     8      10     81920  2621440 2621440 32     32     0      0      Shared        Load   8      0      1      0      81920  81920  0      0       0       -      0      0      0      0      0      0      0      0      0      0      0      0      0      0      6      0      0      0      1      0      0      0      3      0      0      0      0      0      0      0      0      6      0      0      0      0      0      0      0      2     
0x7f9d1b5bb3d0           STS.U8 [R7+UR4+0x1002], R4                       60     54     60     81920  2621440 2621440 32     32     0      0      Shared        Store  8      0      4      245760 327680 81920  0      0       0       -      0      0      0      0      0      0      0      0      0      0      0      0      0      0      5      0      0      0      1      53     0      0      1      0      0      0      0      0      0      0      0      5      0      0      0      0      48     0      0      1     
0x7f9d1b5bb3e0           LDS.U8 R8, [R2+UR4+0x500]                        4      4      4      81920  2621440 2621440 32     32     0      0      Shared        Load   8      0      1      0      81920  81920  0      0       0       -      0      0      0      0      0      0      0      0      0      0      0      0      0      0      3      0      0      0      0      0      0      0      1      0      0      0      0      0      0      0      0      3      0      0      0      0      0      0      0      1     
0x7f9d1b5bb3f0           STS.U8 [R7+UR4+0x1004], R8                       55     45     55     81920  2621440 2621440 32     32     0      0      Shared        Store  8      0      4      245760 327680 81920  0      0       0       -      0      0      0      0      0      0      0      0      0      0      0      0      0      0      3      0      0      0      0      51     0      0      1      0      0      0      0      0      0      0      0      3      0      0      0      0      41     0      0      1     
0x7f9d1b5bb400           LDS.U8 R10, [R2+UR4+0x580]                       5      5      5      81920  2621440 2621440 32     32     0      0      Shared        Load   8      0      1      0      81920  81920  0      0       0       -      0      0      0      0      0      0      0      0      0      0      0      0      0      0      3      0      0      0      0      0      0      0      2      0      0      0      0      0      0      0      0      3      0      0      0      0      0      0      0      2     
0x7f9d1b5bb410           LOP3.LUT R8, R16, 0x10, R3, 0xf8, !PT            37     34     37     81920  2621440 2621440 32     32     0      0      -             -      -      0      0      0      0      0      0      0       0       -      0      0      0      0      0      0      0      0      0      0      0      0      0      0      0      0      0      0      0      37     0      0      0      0      0      0      0      0      0      0      0      0      0      0      0      0      34     0      0      0     
0x7f9d1b5bb420           LOP3.LUT R3, R16, 0x10, R3, 0xf4, !PT            0      0      0      81920  2621440 2621440 32     32     0      0      -             -      -      0      0      0      0      0      0      0       0       -      0      0      0      0      0      0      0      0      0      0      0      0      0      0      0      0      0      0      0      0      0      0      0      0      0      0      0      0      0      0      0      0      0      0      0      0      0      0      0      0     
0x7f9d1b5bb430           STS.U8 [R7+UR4+0x1006], R10                      34     28     34     81920  2621440 2621440 32     32     0      0      Shared        Store  8      0      4      245760 327680 81920  0      0       0       -      0      0      0      0      0      0      0      0      0      0      0      0      0      0      2      0      0      0      1      31     0      0      0      0      0      0      0      0      0      0      0      1      0      0      0      0      27     0      0      0     
0x7f9d1b5bb440           LDS.U8 R12, [R2+UR4+0x600]                       2      1      2      81920  2621440 2621440 32     32     0      0      Shared        Load   8      0      1      0      81920  81920  0      0       0       -      0      0      0      0      0      0      0      0      0      0      0      0      0      0      1      0      0      0      1      0      0      0      0      0      0      0      0      0      0      0      0      1      0      0      0      0      0      0      0      0     
0x7f9d1b5bb450           STS.U8 [R7+UR4+0x1008], R12                      55     50     55     81920  2621440 2621440 32     32     0      0      Shared        Store  8      0      4      245760 327680 81920  0      0       0       -      0      0      0      0      0      0      0      0      0      0      0      0      0      0      3      0      0      0      0      52     0      0      0      0      0      0      0      0      0      0      0      3      0      0      0      0      47     0      0      0     
0x7f9d1b5bb460           LDS.U8 R14, [R2+UR4+0x680]                       7      5      7      81920  2621440 2621440 32     32     0      0      Shared        Load   8      0      1      0      81920  81920  0      0       0       -      0      0      0      0      0      0      0      0      0      0      0      0      0      0      4      0      0      0      1      0      0      0      2      0      0      0      0      0      0      0      0      3      0      0      0      0      0      0      0      2     
0x7f9d1b5bb470           STS.U8 [R7+UR4+0x100a], R14                      45     42     45     81920  2621440 2621440 32     32     0      0      Shared        Store  8      0      4      245760 327680 81920  0      0       0       -      0      0      0      0      0      0      0      0      0      0      0      0      0      0      0      0      0      0      0      45     0      0      0      0      0      0      0      0      0      0      0      0      0      0      0      0      42     0      0      0     
0x7f9d1b5bb480           LDS.U8 R6, [R2+UR4+0x700]                        5      5      5      81920  2621440 2621440 32     32     0      0      Shared        Load   8      0      1      0      81920  81920  0      0       0       -      0      0      0      0      0      0      0      0      0      0      0      0      0      0      3      0      0      0      0      0      0      0      2      0      0      0      0      0      0      0      0      3      0      0      0      0      0      0      0      2     
0x7f9d1b5bb490           STS.U8 [R7+UR4+0x100c], R6                       62     57     62     81920  2621440 2621440 32     32     0      0      Shared        Store  8      0      4      245760 327680 81920  0      0       0       -      0      0      0      0      0      0      0      0      0      0      0      0      0      0      2      0      0      0      0      59     0      0      1      0      0      0      0      0      0      0      0      2      0      0      0      0      54     0      0      1     
0x7f9d1b5bb4a0           LDS.U8 R4, [R2+UR4+0x780]                        4      4      4      81920  2621440 2621440 32     32     0      0      Shared        Load   8      0      1      0      81920  81920  0      0       0       -      0      0      0      0      0      0      0      0      0      0      0      0      0      0      3      0      0      0      0      0      0      0      1      0      0      0      0      0      0      0      0      3      0      0      0      0      0      0      0      1     
0x7f9d1b5bb4b0           STS.U8 [R7+UR4+0x100e], R4                       64     54     64     81920  2621440 2621440 32     32     0      0      Shared        Store  8      0      4      245760 327680 81920  0      0       0       -      0      0      0      0      0      0      0      0      0      0      0      0      0      0      1      0      0      0      0      63     0      0      0      0      0      0      0      0      0      0      0      1      0      0      0      0      53     0      0      0     
0x7f9d1b5bb4c0           LDS.U8 R5, [R2+UR4+0x800]                        4      3      4      81920  2621440 2621440 32     32     0      0      Shared        Load   8      0      1      0      81920  81920  0      0       0       -      0      0      0      0      0      0      0      0      0      0      0      0      0      0      2      0      0      0      0      0      0      0      2      0      0      0      0      0      0      0      0      2      0      0      0      0      0      0      0      1     
0x7f9d1b5bb4d0           STS.U8 [R8+UR4+0x1000], R5                       56     49     56     81920  2621440 2621440 32     32     0      0      Shared        Store  8      0      4      245760 327680 81920  0      0       0       -      0      0      0      0      0      0      0      0      0      0      0      0      0      0      0      0      0      0      1      53     0      0      2      0      0      0      0      0      0      0      0      0      0      0      0      0      47     0      0      2     
0x7f9d1b5bb4e0           LDS.U8 R9, [R2+UR4+0x880]                        3      3      3      81920  2621440 2621440 32     32     0      0      Shared        Load   8      0      1      0      81920  81920  0      0       0       -      0      0      0      0      0      0      0      0      0      0      0      0      0      0      2      0      0      0      0      0      0      0      1      0      0      0      0      0      0      0      0      2      0      0      0      0      0      0      0      1     
0x7f9d1b5bb4f0           STS.U8 [R8+UR4+0x1002], R9                       54     46     54     81920  2621440 2621440 32     32     0      0      Shared        Store  8      0      4      245760 327680 81920  0      0       0       -      0      0      0      0      0      0      0      0      0      0      0      0      0      0      1      0      0      0      1      50     0      0      2      0      0      0      0      0      0      0      0      1      0      0      0      0      43     0      0      2     
0x7f9d1b5bb500           LDS.U8 R11, [R2+UR4+0x900]                       2      2      2      81920  2621440 2621440 32     32     0      0      Shared        Load   8      0      1      0      81920  81920  0      0       0       -      0      0      0      0      0      0      0      0      0      0      0      0      0      0      1      0      0      0      0      0      0      0      1      0      0      0      0      0      0      0      0      1      0      0      0      0      0      0      0      1     
0x7f9d1b5bb510           STS.U8 [R8+UR4+0x1004], R11                      47     40     47     81920  2621440 2621440 32     32     0      0      Shared        Store  8      0      4      245760 327680 81920  0      0       0       -      0      0      0      0      0      0      0      0      0      0      0      0      0      0      0      0      0      0      0      45     0      0      2      0      0      0      0      0      0      0      0      0      0      0      0      0      38     0      0      2     
0x7f9d1b5bb520           LDS.U8 R13, [R2+UR4+0x980]                       5      5      5      81920  2621440 2621440 32     32     0      0      Shared        Load   8      0      1      0      81920  81920  0      0       0       -      0      0      0      0      0      0      0      0      0      0      0      0      0      0      3      0      0      0      0      0      0      0      2      0      0      0      0      0      0      0      0      3      0      0      0      0      0      0      0      2     
0x7f9d1b5bb530           STS.U8 [R8+UR4+0x1006], R13                      55     50     55     81920  2621440 2621440 32     32     0      0      Shared        Store  8      0      4      245760 327680 81920  0      0       0       -      0      0      0      0      0      0      0      0      0      0      0      0      0      0      1      0      0      0      0      53     0      0      1      0      0      0      0      0      0      0      0      1      0      0      0      0      48     0      0      1     
0x7f9d1b5bb540           LDS.U8 R7, [R2+UR4+0xa00]                        6      5      6      81920  2621440 2621440 32     32     0      0      Shared        Load   8      0      1      0      81920  81920  0      0       0       -      0      0      0      0      0      0      0      0      0      0      0      0      0      0      3      0      0      0      0      0      0      0      3      0      0      0      0      0      0      0      0      2      0      0      0      0      0      0      0      3     
0x7f9d1b5bb550           STS.U8 [R8+UR4+0x1008], R7                       52     44     52     81920  2621440 2621440 32     32     0      0      Shared        Store  8      0      4      245760 327680 81920  0      0       0       -      0      0      0      0      0      0      0      0      0      0      0      0      0      0      1      0      0      0      0      50     0      0      1      0      0      0      0      0      0      0      0      1      0      0      0      0      42     0      0      1     
0x7f9d1b5bb560           LDS.U8 R15, [R2+UR4+0xa80]                       4      4      4      81920  2621440 2621440 32     32     0      0      Shared        Load   8      0      1      0      81920  81920  0      0       0       -      0      0      0      0      0      0      0      0      0      0      0      0      0      0      3      0      0      0      0      0      0      0      1      0      0      0      0      0      0      0      0      3      0      0      0      0      0      0      0      1     
0x7f9d1b5bb570           STS.U8 [R8+UR4+0x100a], R15                      70     60     70     81920  2621440 2621440 32     32     0      0      Shared        Store  8      0      4      245760 327680 81920  0      0       0       -      0      0      0      0      0      0      0      0      0      0      0      0      0      0      3      0      0      0      0      64     0      0      3      0      0      0      0      0      0      0      0      3      0      0      0      0      54     0      0      3     
0x7f9d1b5bb580           LDS.U8 R5, [R2+UR4+0xb00]                        5      5      5      81920  2621440 2621440 32     32     0      0      Shared        Load   8      0      1      0      81920  81920  0      0       0       -      0      0      0      0      0      0      0      0      0      0      0      0      0      0      1      0      0      0      0      0      0      0      4      0      0      0      0      0      0      0      0      1      0      0      0      0      0      0      0      4     
0x7f9d1b5bb590           STS.U8 [R8+UR4+0x100c], R5                       66     58     66     81920  2621440 2621440 32     32     0      0      Shared        Store  8      0      4      245760 327680 81920  0      0       0       -      0      0      0      0      0      0      0      0      0      0      0      0      0      0      1      0      0      1      0      64     0      0      0      0      0      0      0      0      0      0      0      1      0      0      0      0      57     0      0      0     
0x7f9d1b5bb5a0           LDS.U8 R9, [R2+UR4+0xb80]                        2      2      2      81920  2621440 2621440 32     32     0      0      Shared        Load   8      0      1      0      81920  81920  0      0       0       -      0      0      0      0      0      0      0      0      0      0      0      0      0      0      1      0      0      0      0      0      0      0      1      0      0      0      0      0      0      0      0      1      0      0      0      0      0      0      0      1     
0x7f9d1b5bb5b0           STS.U8 [R8+UR4+0x100e], R9                       65     53     65     81920  2621440 2621440 32     32     0      0      Shared        Store  8      0      4      245760 327680 81920  0      0       0       -      0      0      0      0      0      0      0      0      0      0      0      0      0      0      1      0      0      1      0      62     0      0      1      0      0      0      0      0      0      0      0      1      0      0      0      0      51     0      0      1     
0x7f9d1b5bb5c0           LDS.U8 R4, [R2+UR4+0xc00]                        4      3      4      81920  2621440 2621440 32     32     0      0      Shared        Load   8      0      1      0      81920  81920  0      0       0       -      0      0      0      0      0      0      0      0      0      0      0      0      0      0      3      0      0      0      1      0      0      0      0      0      0      0      0      0      0      0      0      3      0      0      0      0      0      0      0      0     
0x7f9d1b5bb5d0           STS.U8 [R3+UR4+0x1000], R4                       67     56     67     81920  2621440 2621440 32     32     0      0      Shared        Store  8      0      4      245760 327680 81920  0      0       0       -      0      0      0      0      0      0      0      0      0      0      0      0      0      0      1      0      0      0      0      64     0      0      2      0      0      0      0      0      0      0      0      1      0      0      0      0      53     0      0      2     
0x7f9d1b5bb5e0           LDS.U8 R6, [R2+UR4+0xc80]                        2      2      2      81920  2621440 2621440 32     32     0      0      Shared        Load   8      0      1      0      81920  81920  0      0       0       -      0      0      0      0      0      0      0      0      0      0      0      0      0      0      1      0      0      0      0      0      0      0      1      0      0      0      0      0      0      0      0      1      0      0      0      0      0      0      0      1     
0x7f9d1b5bb5f0           STS.U8 [R3+UR4+0x1002], R6                       53     42     53     81920  2621440 2621440 32     32     0      0      Shared        Store  8      0      4      245760 327680 81920  0      0       0       -      0      0      0      0      0      0      0      0      0      0      0      0      0      0      1      0      0      0      1      50     0      0      1      0      0      0      0      0      0      0      0      1      0      0      0      0      40     0      0      1     
0x7f9d1b5bb600           LDS.U8 R10, [R2+UR4+0xd00]                       3      2      3      81920  2621440 2621440 32     32     0      0      Shared        Load   8      0      1      0      81920  81920  0      0       0       -      0      0      0      0      0      0      0      0      0      0      0      0      0      0      1      0      0      0      0      0      0      0      2      0      0      0      0      0      0      0      0      1      0      0      0      0      0      0      0      1     
0x7f9d1b5bb610           STS.U8 [R3+UR4+0x1004], R10                      59     53     59     81920  2621440 2621440 32     32     0      0      Shared        Store  8      0      4      245760 327680 81920  0      0       0       -      0      0      0      0      0      0      0      0      0      0      0      0      0      0      0      0      0      0      0      58     0      0      1      0      0      0      0      0      0      0      0      0      0      0      0      0      52     0      0      1     
0x7f9d1b5bb620           LDS.U8 R12, [R2+UR4+0xd80]                       3      3      3      81920  2621440 2621440 32     32     0      0      Shared        Load   8      0      1      0      81920  81920  0      0       0       -      0      0      0      0      0      0      0      0      0      0      0      0      0      0      2      0      0      0      0      0      0      0      1      0      0      0      0      0      0      0      0      2      0      0      0      0      0      0      0      1     
0x7f9d1b5bb630           STS.U8 [R3+UR4+0x1006], R12                      72     61     72     81920  2621440 2621440 32     32     0      0      Shared        Store  8      0      4      245760 327680 81920  0      0       0       -      0      0      0      0      0      0      0      0      0      0      0      0      0      0      3      0      0      1      1      65     0      0      2      0      0      0      0      0      0      0      0      3      0      0      0      0      56     0      0      2     
0x7f9d1b5bb640           LDS.U8 R14, [R2+UR4+0xe00]                       6      5      6      81920  2621440 2621440 32     32     0      0      Shared        Load   8      0      1      0      81920  81920  0      0       0       -      0      0      0      0      0      0      0      0      0      0      0      0      0      0      2      0      0      0      1      0      0      0      3      0      0      0      0      0      0      0      0      2      0      0      0      0      0      0      0      3     
0x7f9d1b5bb650           STS.U8 [R3+UR4+0x1008], R14                      77     68     77     81920  2621440 2621440 32     32     0      0      Shared        Store  8      0      4      245760 327680 81920  0      0       0       -      0      0      0      0      0      0      0      0      0      0      0      0      0      0      3      0      0      0      1      72     0      0      1      0      0      0      0      0      0      0      0      2      0      0      0      0      65     0      0      1     
0x7f9d1b5bb660           LDS.U8 R8, [R2+UR4+0xe80]                        5      5      5      81920  2621440 2621440 32     32     0      0      Shared        Load   8      0      1      0      81920  81920  0      0       0       -      0      0      0      0      0      0      0      0      0      0      0      0      0      0      5      0      0      0      0      0      0      0      0      0      0      0      0      0      0      0      0      5      0      0      0      0      0      0      0      0     
0x7f9d1b5bb670           STS.U8 [R3+UR4+0x100a], R8                       51     44     51     81920  2621440 2621440 32     32     0      0      Shared        Store  8      0      4      245760 327680 81920  0      0       0       -      0      0      0      0      0      0      0      0      0      0      0      0      0      0      0      0      0      0      0      50     0      0      1      0      0      0      0      0      0      0      0      0      0      0      0      0      43     0      0      1     
0x7f9d1b5bb680           LDS.U8 R4, [R2+UR4+0xf00]                        5      5      5      81920  2621440 2621440 32     32     0      0      Shared        Load   8      0      1      0      81920  81920  0      0       0       -      0      0      0      0      0      0      0      0      0      0      0      0      0      0      5      0      0      0      0      0      0      0      0      0      0      0      0      0      0      0      0      5      0      0      0      0      0      0      0      0     
0x7f9d1b5bb690           STS.U8 [R3+UR4+0x100c], R4                       71     60     71     81920  2621440 2621440 32     32     0      0      Shared        Store  8      0      4      245760 327680 81920  0      0       0       -      0      0      0      0      0      0      0      0      0      0      0      0      0      0      3      0      0      0      0      67     0      0      1      0      0      0      0      0      0      0      0      3      0      0      0      0      56     0      0      1     
0x7f9d1b5bb6a0           LDS.U8 R6, [R2+UR4+0xf80]                        8      7      8      81920  2621440 2621440 32     32     0      0      Shared        Load   8      0      1      0      81920  81920  0      0       0       -      0      0      0      0      0      0      0      0      0      0      0      0      0      0      4      0      0      0      1      0      0      0      3      0      0      0      0      0      0      0      0      4      0      0      0      0      0      0      0      3     
0x7f9d1b5bb6b0           STS.U8 [R3+UR4+0x100e], R6                       79     69     79     81920  2621440 2621440 32     32     0      0      Shared        Store  8      0      4      245760 327680 81920  0      0       0       -      0      0      0      0      0      0      0      0      0      0      0      0      0      0      0      0      0      0      0      76     0      0      3      0      0      0      0      0      0      0      0      0      0      0      0      0      66     0      0      3     
0x7f9d1b5bb6c0           BAR.SYNC.DEFER_BLOCKING 0x0                      1      0      1      81920  2621440 2621440 32     32     0      0      -             -      -      0      0      0      0      0      0      0       0       -      0      0      0      0      0      0      0      0      0      0      0      0      0      0      0      0      0      0      1      0      0      0      0      0      0      0      0      0      0      0      0      0      0      0      0      0      0      0      0      0     
0x7f9d1b5bb6d0     @P0   EXIT                                             56     46     56     81920  2621440 1966080 32     24     8      0      -             -      -      0      0      0      0      0      0      0       0       -      0      0      0      0      0      0      54     0      0      0      0      0      0      0      0      0      0      0      0      0      0      0      2      44     0      0      0      0      0      0      0      0      0      0      0      0      0      0      0      2     
0x7f9d1b5bb6e0           ELECT P0, URZ, PT                                26     24     26     20480  655360  655360  32     32     0      0      -             -      -      0      0      0      0      0      0      0       0       -      0      0      0      0      0      0      0      1      0      23     0      0      0      0      0      0      0      0      0      0      0      0      2      0      1      0      21     0      0      0      0      0      0      0      0      0      0      0      0      2     
0x7f9d1b5bb6f0     @!P0  EXIT                                             4      3      4      20480  655360  634880  32     31     1      0      -             -      -      0      0      0      0      0      0      0       0       -      0      0      0      0      0      0      0      0      0      0      0      0      0      0      0      0      0      0      0      0      0      0      4      0      0      0      0      0      0      0      0      0      0      0      0      0      0      0      0      3     
0x7f9d1b5bb700           MEMBAR.ALL.CTA                                   5      5      5      20480  20480   20480   1      1      31     0      -             -      -      0      0      0      0      0      0      0       0       -      0      0      0      0      0      0      0      3      0      0      0      0      0      0      1      0      0      0      0      0      0      0      1      0      3      0      0      0      0      0      0      1      0      0      0      0      0      0      0      1     
0x7f9d1b5bb710           FENCE.VIEW.ASYNC.S                               8      8      8      20480  20480   20480   1      1      31     0      -             -      -      0      0      0      0      0      0      0       0       -      0      0      0      0      0      0      0      0      0      0      0      7      0      0      0      0      0      0      0      0      0      0      1      0      0      0      0      0      7      0      0      0      0      0      0      0      0      0      0      1     
0x7f9d1b5bb720           LDCU.64 UR6, c[0x0][0x348]                       1      0      1      20480  20480   20480   1      1      31     0      -             -      -      0      0      0      0      0      0      0       0       -      0      0      0      0      0      0      0      0      0      0      0      0      0      0      0      0      0      0      1      0      0      0      0      0      0      0      0      0      0      0      0      0      0      0      0      0      0      0      0      0     
0x7f9d1b5bb730           USHF.L.U32 UR13, UR8, 0x6, URZ                   0      0      0      20480  20480   20480   1      1      31     0      -             -      -      0      0      0      0      0      0      0       0       -      0      0      0      0      0      0      0      0      0      0      0      0      0      0      0      0      0      0      0      0      0      0      0      0      0      0      0      0      0      0      0      0      0      0      0      0      0      0      0      0     
0x7f9d1b5bb740           UIADD3 UR12, UPT, UPT, UR4, 0x1000, URZ          0      0      0      20480  20480   20480   1      1      31     0      -             -      -      0      0      0      0      0      0      0       0       -      0      0      0      0      0      0      0      0      0      0      0      0      0      0      0      0      0      0      0      0      0      0      0      0      0      0      0      0      0      0      0      0      0      0      0      0      0      0      0      0     
0x7f9d1b5bb750           UMOV UR10, 0x0                                   0      0      0      20480  20480   20480   1      1      31     0      -             -      -      0      0      0      0      0      0      0       0       -      0      0      0      0      0      0      0      0      0      0      0      0      0      0      0      0      0      0      0      0      0      0      0      0      0      0      0      0      0      0      0      0      0      0      0      0      0      0      0      0     
0x7f9d1b5bb760           UMOV UR11, 0x10000000                            1      0      1      20480  20480   20480   1      1      31     0      -             -      -      0      0      0      0      0      0      0       0       -      0      0      0      0      0      0      0      0      0      0      0      0      0      0      0      0      0      0      1      0      0      0      0      0      0      0      0      0      0      0      0      0      0      0      0      0      0      0      0      0     
0x7f9d1b5bb770           UTMASTG.2D desc[UR10], [UR12], [UR6]             30     29     30     20480  20480   20480   1      1      31     0      Global,Shared -      -      0      0      0      0      0      0      0       0       -      0      0      0      0      0      0      0      0      0      0      0      29     0      0      0      0      0      0      0      0      0      0      1      0      0      0      0      0      28     0      0      0      0      0      0      0      0      0      0      1     
0x7f9d1b5bb780           UTMACMDFLUSH                                     0      0      0      20480  20480   20480   1      1      31     0      -             -      -      0      0      0      0      0      0      0       0       -      0      0      0      0      0      0      0      0      0      0      0      0      0      0      0      0      0      0      0      0      0      0      0      0      0      0      0      0      0      0      0      0      0      0      0      0      0      0      0      0     
0x7f9d1b5bb790           DEPBAR.LE SB0, 0x0                               0      0      0      20480  20480   20480   1      1      31     0      -             -      -      0      0      0      0      0      0      0       0       -      0      0      0      0      0      0      0      0      0      0      0      0      0      0      0      0      0      0      0      0      0      0      0      0      0      0      0      0      0      0      0      0      0      0      0      0      0      0      0      0     
0x7f9d1b5bb7a0           EXIT                                             22     19     22     20480  20480   20480   1      1      31     0      -             -      -      0      0      0      0      0      0      0       0       -      0      0      0      0      0      0      0      0      0      0      0      21     0      0      0      0      0      1      0      0      0      0      0      0      0      0      0      0      19     0      0      0      0      0      0      0      0      0      0      0     
0x7f9d1b5bb7b0           BRA `(.L_x_0) 0x7f9d1b5bb7b0                     1      1      1      0      0       0       0      0      0      0      -             -      -      0      0      0      0      0      0      0       0       -      0      0      0      0      0      0      0      1      0      0      0      0      0      0      0      0      0      0      0      0      0      0      0      0      1      0      0      0      0      0      0      0      0      0      0      0      0      0      0      0     
0x7f9d1b5bb7c0           NOP                                              0      0      0      0      0       0       0      0      32     0      -             -      -      0      0      0      0      0      0      0       0       -      0      0      0      0      0      0      0      0      0      0      0      0      0      0      0      0      0      0      0      0      0      0      0      0      0      0      0      0      0      0      0      0      0      0      0      0      0      0      0      0     
0x7f9d1b5bb7d0           NOP                                              0      0      0      0      0       0       0      0      32     0      -             -      -      0      0      0      0      0      0      0       0       -      0      0      0      0      0      0      0      0      0      0      0      0      0      0      0      0      0      0      0      0      0      0      0      0      0      0      0      0      0      0      0      0      0      0      0      0      0      0      0      0     
0x7f9d1b5bb7e0           NOP                                              0      0      0      0      0       0       0      0      32     0      -             -      -      0      0      0      0      0      0      0       0       -      0      0      0      0      0      0      0      0      0      0      0      0      0      0      0      0      0      0      0      0      0      0      0      0      0      0      0      0      0      0      0      0      0      0      0      0      0      0      0      0     
0x7f9d1b5bb7f0           NOP                                              0      0      0      0      0       0       0      0      32     0      -             -      -      0      0      0      0      0      0      0       0       -      0      0      0      0      0      0      0      0      0      0      0      0      0      0      0      0      0      0      0      0      0      0      0      0      0      0      0      0      0      0      0      0      0      0      0      0      0      0      0      0     
0x7f9d1b5bb800           NOP                                              0      0      0      0      0       0       0      0      32     0      -             -      -      0      0      0      0      0      0      0       0       -      0      0      0      0      0      0      0      0      0      0      0      0      0      0      0      0      0      0      0      0      0      0      0      0      0      0      0      0      0      0      0      0      0      0      0      0      0      0      0      0     
0x7f9d1b5bb810           NOP                                              0      0      0      0      0       0       0      0      32     0      -             -      -      0      0      0      0      0      0      0       0       -      0      0      0      0      0      0      0      0      0      0      0      0      0      0      0      0      0      0      0      0      0      0      0      0      0      0      0      0      0      0      0      0      0      0      0      0      0      0      0      0     
0x7f9d1b5bb820           NOP                                              0      0      0      0      0       0       0      0      32     0      -             -      -      0      0      0      0      0      0      0       0       -      0      0      0      0      0      0      0      0      0      0      0      0      0      0      0      0      0      0      0      0      0      0      0      0      0      0      0      0      0      0      0      0      0      0      0      0      0      0      0      0     
0x7f9d1b5bb830           NOP                                              0      0      0      0      0       0       0      0      32     0      -             -      -      0      0      0      0      0      0      0       0       -      0      0      0      0      0      0      0      0      0      0      0      0      0      0      0      0      0      0      0      0      0      0      0      0      0      0      0      0      0      0      0      0      0      0      0      0      0      0      0      0     
0x7f9d1b5bb840           NOP                                              0      0      0      0      0       0       0      0      32     0      -             -      -      0      0      0      0      0      0      0       0       -      0      0      0      0      0      0      0      0      0      0      0      0      0      0      0      0      0      0      0      0      0      0      0      0      0      0      0      0      0      0      0      0      0      0      0      0      0      0      0      0     
0x7f9d1b5bb850           NOP                                              0      0      0      0      0       0       0      0      32     0      -             -      -      0      0      0      0      0      0      0       0       -      0      0      0      0      0      0      0      0      0      0      0      0      0      0      0      0      0      0      0      0      0      0      0      0      0      0      0      0      0      0      0      0      0      0      0      0      0      0      0      0     
0x7f9d1b5bb860           NOP                                              0      0      0      0      0       0       0      0      32     0      -             -      -      0      0      0      0      0      0      0       0       -      0      0      0      0      0      0      0      0      0      0      0      0      0      0      0      0      0      0      0      0      0      0      0      0      0      0      0      0      0      0      0      0      0      0      0      0      0      0      0      0     
0x7f9d1b5bb870           NOP                                              0      0      0      0      0       0       0      0      32     0      -             -      -      0      0      0      0      0      0      0       0       -      0      0      0      0      0      0      0      0      0      0      0      0      0      0      0      0      0      0      0      0      0      0      0      0      0      0      0      0      0      0      0      0      0      0      0      0      0      0      0      0     
