------------------ ---------------------------------------------- ------ ------ ------ ------ ------- ------- ------ ------ ------ ------ ------ ------ ------ ------ ------ ------ ------ ------ ------- ------- ------ ------ ------ ------ ------ ------ ------ ------ ------ ------ ------ ------ ------ ------ ------ ------ ------ ------ ------ ------ ------ ------ ------ ------ ------ ------ ------ ------ ------ ------ ------ ------ ------ ------ ------ ------ ------ ------ ------ ------ ------
Kernel Name        _transpose_kernel                                                                                                                                                                                                                                                                                                                                                                                                                                                                            
------------------ ---------------------------------------------- ------ ------ ------ ------ ------- ------- ------ ------ ------ ------ ------ ------ ------ ------ ------ ------ ------ ------ ------- ------- ------ ------ ------ ------ ------ ------ ------ ------ ------ ------ ------ ------ ------ ------ ------ ------ ------ ------ ------ ------ ------ ------ ------ ------ ------ ------ ------ ------ ------ ------ ------ ------ ------ ------ ------ ------ ------ ------ ------ ------ ------
Address            Source                                         Warp S Warp S # Samp Instru Thread  Predic  Avg. T Avg. P Avg. P Addres Access Access L1 Tag L1 Con L1 Wav L1 Wav L1 Wav L2 The L2 The  L2 The  L2 Exp L2 Exp L2 Exp L2 Exp L2 Exp L2 Exp L2 Exp stall_ stall_ stall_ stall_ stall_ stall_ stall_ stall_ stall_ stall_ stall_ stall_ stall_ stall_ stall_ stall_ stall_ stall_ stall_ stall_ stall_ stall_ stall_ stall_ stall_ stall_ stall_ stall_ stall_ stall_ stall_ stall_ stall_ stall_
                                                                  tall S tall S les    ctions  Instr  ated-O  hreads redica redica s Spac  Opera  Size   Reque flicts efront efront efront oretic oretic  oretic  licit  licit  licit  licit  licit  licit  licit  barrie branch dispat drain  lg     long_s math   membar mio    misc   no_ins not_se select short_ sleep  tex    wait   barrie branch dispat drain  lg (No long_s math ( membar mio (N misc ( no_ins not_se select short_ sleepi tex (N wait (
                                                                  amplin amplin         Execu uction  n Thre   Execu ted-On ted-On e      tion          sts Gl  Share s Shar s Shar s Shar al Sec al Sec  al Sec  Evict  Hit Po Hit Po Hit Po Hit Po Miss P Miss P r      _resol ch                   b                                  t      lected ed     sb                          r (Not _resol ch (No (Not I t Issu b (Not Not Is  (Not  ot Iss Not Is t (Not lected ed (No sb (No ng (No ot Iss Not Is
                                                                  g (All g (Not        ted    s Exec  ad Ins  ted     Threa  Threa                      obal   d N-Wa ed Exc ed     ed Ide tors G tors G  tors G  Polici licy E licy E licy E licy E olicy  olicy         ving                                                                                                             Issue ving ( t Issu ssued) ed)     Issue sued)  Issued ued)   sued)   Issue  (Not  t Issu t Issu t Issu ued)   sued) 
                                                                   Sampl -issue               uted    tructi         ds Exe ds Une                             y      essive        al     lobal  lobal   lobal   es     vict F vict L vict N vict N Evict  Evict                                                                                                                         d)     Not Is ed)                  d)            )                    d)     Issued ed)    ed)    ed)                 
                                                                  es)    d Samp                       ons Ex         cuted  xecute                                                         Excess         Ideal          irst   ast    ormal  ormal  First  Normal                                                                                                                               sued)                                                                 )                                        
                                                                         les)                         ecuted                d                                                              ive                                                Demote                                                                                                                                                                                                                                                            
0x7f86df5bae00           LDC R1, c[0x0][0x37c]                    22     20     22     163840 5242880 5242880 32     32     0      -      -      -      0      0      0      0      0      0      0       0       -      0      0      0      0      0      0      0      0      0      0      0      0      0      0      0      0      21     1      0      0      0      0      0      0      0      0      0      0      0      0      0      0      0      20     0      0      0      0      0      0     
0x7f86df5bae10           S2R R12, SR_TID.X                        15     11     15     163840 5242880 5242880 32     32     0      -      -      -      0      0      0      0      0      0      0       0       -      0      0      0      0      0      0      0      0      0      0      0      0      0      0      14     0      0      0      1      0      0      0      0      0      0      0      0      0      0      0      0      11     0      0      0      0      0      0      0      0     
0x7f86df5bae20           LDCU UR4, c[0x0][0x398]                  0      0      0      163840 5242880 5242880 32     32     0      -      -      -      0      0      0      0      0      0      0       0       -      0      0      0      0      0      0      0      0      0      0      0      0      0      0      0      0      0      0      0      0      0      0      0      0      0      0      0      0      0      0      0      0      0      0      0      0      0      0      0      0     
0x7f86df5bae30           CS2R R10, SRZ                            0      0      0      163840 5242880 5242880 32     32     0      -      -      -      0      0      0      0      0      0      0       0       -      0      0      0      0      0      0      0      0      0      0      0      0      0      0      0      0      0      0      0      0      0      0      0      0      0      0      0      0      0      0      0      0      0      0      0      0      0      0      0      0     
0x7f86df5bae40           S2R R21, SR_CTAID.X                      2      0      2      163840 5242880 5242880 32     32     0      -      -      -      0      0      0      0      0      0      0       0       -      0      0      0      0      0      0      0      0      0      0      0      0      0      0      0      0      1      0      1      0      0      0      0      0      0      0      0      0      0      0      0      0      0      0      0      0      0      0      0      0     
0x7f86df5bae50           LDCU.64 UR6, c[0x0][0x380]               2      0      2      163840 5242880 5242880 32     32     0      -      -      -      0      0      0      0      0      0      0       0       -      0      0      0      0      0      0      0      0      0      0      0      0      0      0      0      0      0      0      2      0      0      0      0      0      0      0      0      0      0      0      0      0      0      0      0      0      0      0      0      0     
0x7f86df5bae60           S2R R3, SR_CTAID.Y                       0      0      0      163840 5242880 5242880 32     32     0      -      -      -      0      0      0      0      0      0      0       0       -      0      0      0      0      0      0      0      0      0      0      0      0      0      0      0      0      0      0      0      0      0      0      0      0      0      0      0      0      0      0      0      0      0      0      0      0      0      0      0      0     
0x7f86df5bae70           LDCU.64 UR8, c[0x0][0x390]               0      0      0      163840 5242880 5242880 32     32     0      -      -      -      0      0      0      0      0      0      0       0       -      0      0      0      0      0      0      0      0      0      0      0      0      0      0      0      0      0      0      0      0      0      0      0      0      0      0      0      0      0      0      0      0      0      0      0      0      0      0      0      0     
0x7f86df5bae80           S2UR UR5, SR_CgaCtaId                    2      0      2      163840 5242880 5242880 32     32     0      -      -      -      0      0      0      0      0      0      0       0       -      0      0      0      0      0      0      0      0      0      0      0      0      0      0      0      0      0      1      1      0      0      0      0      0      0      0      0      0      0      0      0      0      0      0      0      0      0      0      0      0     
0x7f86df5bae90           LDCU.64 UR10, c[0x0][0x388]              0      0      0      163840 5242880 5242880 32     32     0      -      -      -      0      0      0      0      0      0      0       0       -      0      0      0      0      0      0      0      0      0      0      0      0      0      0      0      0      0      0      0      0      0      0      0      0      0      0      0      0      0      0      0      0      0      0      0      0      0      0      0      0     
0x7f86df5baea0           SHF.R.U32.HI R2, RZ, 0x3, R12            52     33     52     163840 5242880 5242880 32     32     0      -      -      -      0      0      0      0      0      0      0       0       -      0      0      0      0      0      0      0      0      0      0      0      0      2      0      0      0      0      3      1      46     0      0      0      0      0      0      0      0      0      1      0      0      0      0      0      0      32     0      0      0     
0x7f86df5baeb0           LOP3.LUT R0, R12, 0x7, RZ, 0xc0, !PT     3      1      3      163840 5242880 5242880 32     32     0      -      -      -      0      0      0      0      0      0      0       0       -      0      0      0      0      0      0      0      0      0      0      0      0      1      0      0      0      0      2      0      0      0      0      0      0      0      0      0      0      0      1      0      0      0      0      0      0      0      0      0      0     
0x7f86df5baec0           IMAD.SHL.U32 R21, R21, 0x40, RZ          4      1      4      163840 5242880 5242880 32     32     0      -      -      -      0      0      0      0      0      0      0       0       -      0      0      0      0      0      0      0      0      0      0      0      0      0      0      0      0      0      0      1      3      0      0      0      0      0      0      0      0      0      0      0      0      0      0      0      0      1      0      0      0     
0x7f86df5baed0           SGXT.U32 R2, R2, 0x5                     0      0      0      163840 5242880 5242880 32     32     0      -      -      -      0      0      0      0      0      0      0       0       -      0      0      0      0      0      0      0      0      0      0      0      0      0      0      0      0      0      0      0      0      0      0      0      0      0      0      0      0      0      0      0      0      0      0      0      0      0      0      0      0     
0x7f86df5baee0           IMAD.SHL.U32 R3, R3, 0x40, RZ            2      1      2      163840 5242880 5242880 32     32     0      -      -      -      0      0      0      0      0      0      0       0       -      0      0      0      0      0      0      0      0      0      0      0      0      0      0      0      0      0      0      1      1      0      0      0      0      0      0      0      0      0      0      0      0      0      0      0      0      1      0      0      0     
0x7f86df5baef0           LOP3.LUT R4, R2, R21, RZ, 0xfc, !PT      10     2      10     163840 5242880 5242880 32     32     0      -      -      -      0      0      0      0      0      0      0       0       -      0      0      0      0      0      0      0      0      0      0      0      0      2      0      0      0      0      4      1      0      0      0      3      0      0      0      0      0      0      0      0      0      0      0      0      0      0      0      0      2     
0x7f86df5baf00           LOP3.LUT R6, R21, 0x20, R2, 0xfe, !PT    1      0      1      163840 5242880 5242880 32     32     0      -      -      -      0      0      0      0      0      0      0       0       -      0      0      0      0      0      0      0      0      0      0      0      0      0      0      0      0      0      0      1      0      0      0      0      0      0      0      0      0      0      0      0      0      0      0      0      0      0      0      0      0     
0x7f86df5baf10           IMAD R5, R0, 0x8, R3                     0      0      0      163840 5242880 5242880 32     32     0      -      -      -      0      0      0      0      0      0      0       0       -      0      0      0      0      0      0      0      0      0      0      0      0      0      0      0      0      0      0      0      0      0      0      0      0      0      0      0      0      0      0      0      0      0      0      0      0      0      0      0      0     
0x7f86df5baf20           IMAD R7, R4, UR4, RZ                     2      1      2      163840 5242880 5242880 32     32     0      -      -      -      0      0      0      0      0      0      0       0       -      0      0      0      0      0      0      0      0      0      0      0      0      0      0      0      0      0      1      0      0      0      0      1      0      0      0      0      0      0      0      0      0      0      0      0      0      0      0      0      1     
0x7f86df5baf30           IMAD R8, R6, UR4, RZ                     1      0      1      163840 5242880 5242880 32     32     0      -      -      -      0      0      0      0      0      0      0       0       -      0      0      0      0      0      0      0      0      0      0      0      0      0      0      0      0      0      1      0      0      0      0      0      0      0      0      0      0      0      0      0      0      0      0      0      0      0      0      0      0     
0x7f86df5baf40           ISETP.GE.AND P0, PT, R5, UR9, PT         3      0      3      163840 5242880 5242880 32     32     0      -      -      -      0      0      0      0      0      0      0       0       -      0      0      0      0      0      0      0      0      0      0      0      0      0      0      0      0      0      0      3      0      0      0      0      0      0      0      0      0      0      0      0      0      0      0      0      0      0      0      0      0     
0x7f86df5baf50           LEA R14, P1, R7, UR6, 0x1                3      0      3      163840 5242880 5242880 32     32     0      -      -      -      0      0      0      0      0      0      0       0       -      0      0      0      0      0      0      0      0      0      0      0      0      0      0      0      0      0      2      1      0      0      0      0      0      0      0      0      0      0      0      0      0      0      0      0      0      0      0      0      0     
0x7f86df5baf60           LEA R16, P2, R8, UR6, 0x1                5      2      5      163840 5242880 5242880 32     32     0      -      -      -      0      0      0      0      0      0      0       0       -      0      0      0      0      0      0      0      0      0      0      0      0      1      0      0      0      0      2      1      0      0      0      1      0      0      0      0      0      0      1      0      0      0      0      0      0      0      0      0      1     
0x7f86df5baf70           LEA.HI.X.SX32 R15, R7, UR7, 0x1, P1      3      1      3      163840 5242880 5242880 32     32     0      -      -      -      0      0      0      0      0      0      0       0       -      0      0      0      0      0      0      0      0      0      0      0      0      0      0      0      0      0      0      2      0      0      0      1      0      0      0      0      0      0      0      0      0      0      0      0      0      0      0      0      1     
0x7f86df5baf80           LEA.HI.X.SX32 R17, R8, UR7, 0x1, P2      2      1      2      163840 5242880 5242880 32     32     0      -      -      -      0      0      0      0      0      0      0       0       -      0      0      0      0      0      0      0      0      0      0      0      0      0      0      0      0      0      1      0      0      0      0      1      0      0      0      0      0      0      0      0      0      0      0      0      0      0      0      0      1     
0x7f86df5baf90           LDCU.64 UR6, c[0x0][0x358]               2      0      2      163840 5242880 5242880 32     32     0      -      -      -      0      0      0      0      0      0      0       0       -      0      0      0      0      0      0      0      0      0      0      0      0      0      0      0      0      0      0      2      0      0      0      0      0      0      0      0      0      0      0      0      0      0      0      0      0      0      0      0      0     
0x7f86df5bafa0           ISETP.LT.AND P1, PT, R4, UR8, !P0        0      0      0      163840 5242880 5242880 32     32     0      -      -      -      0      0      0      0      0      0      0       0       -      0      0      0      0      0      0      0      0      0      0      0      0      0      0      0      0      0      0      0      0      0      0      0      0      0      0      0      0      0      0      0      0      0      0      0      0      0      0      0      0     
0x7f86df5bafb0           IMAD.WIDE.U32 R14, R5, 0x2, R14          0      0      0      163840 5242880 5242880 32     32     0      -      -      -      0      0      0      0      0      0      0       0       -      0      0      0      0      0      0      0      0      0      0      0      0      0      0      0      0      0      0      0      0      0      0      0      0      0      0      0      0      0      0      0      0      0      0      0      0      0      0      0      0     
0x7f86df5bafc0           ISETP.LT.AND P0, PT, R6, UR8, !P0        0      0      0      163840 5242880 5242880 32     32     0      -      -      -      0      0      0      0      0      0      0       0       -      0      0      0      0      0      0      0      0      0      0      0      0      0      0      0      0      0      0      0      0      0      0      0      0      0      0      0      0      0      0      0      0      0      0      0      0      0      0      0      0     
0x7f86df5bafd0           CS2R R6, SRZ                             2      1      2      163840 5242880 5242880 32     32     0      -      -      -      0      0      0      0      0      0      0       0       -      0      0      0      0      0      0      0      0      1      0      0      0      0      0      0      0      0      0      1      0      0      0      0      0      0      1      0      0      0      0      0      0      0      0      0      0      0      0      0      0     
0x7f86df5bafe0           CS2R R8, SRZ                             7      2      7      163840 5242880 5242880 32     32     0      -      -      -      0      0      0      0      0      0      0       0       -      0      0      0      0      0      0      0      0      1      0      0      0      4      0      0      0      0      0      1      0      0      0      1      0      0      1      0      0      0      1      0      0      0      0      0      0      0      0      0      0     
0x7f86df5baff0           IMAD.WIDE.U32 R16, R5, 0x2, R16          2      0      2      163840 5242880 5242880 32     32     0      -      -      -      0      0      0      0      0      0      0       0       -      0      0      0      0      0      0      0      0      0      0      0      0      0      0      0      0      0      0      2      0      0      0      0      0      0      0      0      0      0      0      0      0      0      0      0      0      0      0      0      0     
0x7f86df5bb000           CS2R R4, SRZ                             13     1      13     163840 5242880 5242880 32     32     0      -      -      -      0      0      0      0      0      0      0       0       -      0      0      0      0      0      0      0      0      1      0      0      0      0      0      0      0      10     0      2      0      0      0      0      0      0      0      0      0      0      0      0      0      0      1      0      0      0      0      0      0     
0x7f86df5bb010     @P1   LDG.E.128 R4, desc[UR6][R14.64]          14     9      14     163840 5242880 5242880 32     32     0      Global Load   128    655360 0      0      0      0      0      2621440 2621440        0      0      0      0      0      0      0      0      0      0      1      0      0      0      5      0      0      2      1      0      0      0      5      0      0      0      0      1      0      0      0      5      0      0      0      0      0      0      0      3     
0x7f86df5bb020     @P0   LDG.E.128 R8, desc[UR6][R16.64]          5      5      5      163840 5242880 5242880 32     32     0      Global Load   128    655360 0      0      0      0      0      2621440 2621440        0      0      0      0      0      0      0      0      0      0      0      0      0      0      2      0      0      0      0      0      0      0      3      0      0      0      0      0      0      0      0      2      0      0      0      0      0      0      0      3     
0x7f86df5bb030           IMAD.SHL.U32 R18, R12, 0x8, RZ           0      0      0      163840 5242880 5242880 32     32     0      -      -      -      0      0      0      0      0      0      0       0       -      0      0      0      0      0      0      0      0      0      0      0      0      0      0      0      0      0      0      0      0      0      0      0      0      0      0      0      0      0      0      0      0      0      0      0      0      0      0      0      0     
0x7f86df5bb040           LOP3.LUT R13, R12, 0xc0, RZ, 0xc0, !PT   0      0      0      163840 5242880 5242880 32     32     0      -      -      -      0      0      0      0      0      0      0       0       -      0      0      0      0      0      0      0      0      0      0      0      0      0      0      0      0      0      0      0      0      0      0      0      0      0      0      0      0      0      0      0      0      0      0      0      0      0      0      0      0     
0x7f86df5bb050           UMOV UR4, 0x400                          2      0      2      163840 5242880 5242880 32     32     0      -      -      -      0      0      0      0      0      0      0       0       -      0      0      0      0      0      0      0      0      1      0      0      0      0      0      0      0      0      0      1      0      0      0      0      0      0      0      0      0      0      0      0      0      0      0      0      0      0      0      0      0     
0x7f86df5bb060           IMAD R21, R0, 0x8, R21                   1      0      1      163840 5242880 5242880 32     32     0      -      -      -      0      0      0      0      0      0      0       0       -      0      0      0      0      0      0      0      0      0      0      0      0      0      0      0      0      0      0      1      0      0      0      0      0      0      0      0      0      0      0      0      0      0      0      0      0      0      0      0      0     
0x7f86df5bb070           ULEA UR4, UR5, UR4, 0x18                 1      0      1      163840 5242880 5242880 32     32     0      -      -      -      0      0      0      0      0      0      0       0       -      0      0      0      0      0      0      0      0      0      0      0      0      0      0      0      0      0      0      1      0      0      0      0      0      0      0      0      0      0      0      0      0      0      0      0      0      0      0      0      0     
0x7f86df5bb080           LOP3.LUT R18, R18, 0x180, RZ, 0xc0, !PT  1      0      1      163840 5242880 5242880 32     32     0      -      -      -      0      0      0      0      0      0      0       0       -      0      0      0      0      0      0      0      0      0      0      0      0      0      0      0      0      0      0      1      0      0      0      0      0      0      0      0      0      0      0      0      0      0      0      0      0      0      0      0      0     
0x7f86df5bb090           IMAD R20, R13, 0x2, R0                   2      0      2      163840 5242880 5242880 32     32     0      -      -      -      0      0      0      0      0      0      0       0       -      0      0      0      0      0      0      0      0      0      0      0      0      0      0      0      0      0      0      2      0      0      0      0      0      0      0      0      0      0      0      0      0      0      0      0      0      0      0      0      0     
0x7f86df5bb0a0           LDCU UR5, c[0x0][0x39c]                  1      0      1      163840 5242880 5242880 32     32     0      -      -      -      0      0      0      0      0      0      0       0       -      0      0      0      0      0      0      0      0      0      0      0      0      0      0      0      0      0      0      1      0      0      0      0      0      0      0      0      0      0      0      0      0      0      0      0      0      0      0      0      0     
0x7f86df5bb0b0           IMAD.SHL.U32 R14, R12, 0x10, RZ          29     22     29     163840 5242880 5242880 32     32     0      -      -      -      0      0      0      0      0      0      0       0       -      0      0      0      0      0      0      0      0      0      0      0      29     0      0      0      0      0      0      0      0      0      0      0      0      0      0      0      0      22     0      0      0      0      0      0      0      0      0      0      0     
0x7f86df5bb0c0           LEA.HI R19, R13, R18, RZ, 0x1f           0      0      0      163840 5242880 5242880 32     32     0      -      -      -      0      0      0      0      0      0      0       0       -      0      0      0      0      0      0      0      0      0      0      0      0      0      0      0      0      0      0      0      0      0      0      0      0      0      0      0      0      0      0      0      0      0      0      0      0      0      0      0      0     
0x7f86df5bb0d0           IMAD.SHL.U32 R18, R20, 0x10, RZ          0      0      0      163840 5242880 5242880 32     32     0      -      -      -      0      0      0      0      0      0      0       0       -      0      0      0      0      0      0      0      0      0      0      0      0      0      0      0      0      0      0      0      0      0      0      0      0      0      0      0      0      0      0      0      0      0      0      0      0      0      0      0      0     
0x7f86df5bb0e0           SHF.R.S32.HI R20, RZ, 0x3, R12           1      0      1      163840 5242880 5242880 32     32     0      -      -      -      0      0      0      0      0      0      0       0       -      0      0      0      0      0      0      0      0      0      0      0      0      0      0      0      0      0      0      1      0      0      0      0      0      0      0      0      0      0      0      0      0      0      0      0      0      0      0      0      0     
0x7f86df5bb0f0           SHF.R.U32.HI R13, RZ, 0x2, R13           15     5      15     163840 5242880 5242880 32     32     0      -      -      -      0      0      0      0      0      0      0       0       -      0      0      0      0      0      0      0      0      0      0      0      0      5      0      0      0      0      9      1      0      0      0      0      0      0      0      0      0      0      5      0      0      0      0      0      0      0      0      0      0     
0x7f86df5bb100           LOP3.LUT R19, R18, R19, RZ, 0x3c, !PT    1      0      1      163840 5242880 5242880 32     32     0      -      -      -      0      0      0      0      0      0      0       0       -      0      0      0      0      0      0      0      0      0      0      0      0      0      0      0      0      0      0      1      0      0      0      0      0      0      0      0      0      0      0      0      0      0      0      0      0      0      0      0      0     
0x7f86df5bb110           SGXT R12, R20, 0x1                       4      1      4      163840 5242880 5242880 32     32     0      -      -      -      0      0      0      0      0      0      0       0       -      0      0      0      0      0      0      0      0      0      0      0      0      2      0      0      0      0      0      1      0      0      0      1      0      0      0      0      0      0      0      0      0      0      0      0      0      0      0      0      1     
0x7f86df5bb120           LOP3.LUT R23, R13, 0x3f0, R14, 0x78, !PT 3      2      3      163840 5242880 5242880 32     32     0      -      -      -      0      0      0      0      0      0      0       0       -      0      0      0      0      0      0      0      0      0      0      0      0      0      0      0      0      0      0      1      0      0      0      2      0      0      0      0      0      0      0      0      0      0      0      0      0      0      0      0      2     
0x7f86df5bb130           LOP3.LUT R22, R19, 0x410, R12, 0x78, !PT 2      0      2      163840 5242880 5242880 32     32     0      -      -      -      0      0      0      0      0      0      0       0       -      0      0      0      0      0      0      0      0      0      0      0      0      0      0      0      0      0      0      1      0      0      0      1      0      0      0      0      0      0      0      0      0      0      0      0      0      0      0      0      0     
0x7f86df5bb140           LOP3.LUT R20, R2, R3, RZ, 0xfc, !PT      4      0      4      163840 5242880 5242880 32     32     0      -      -      -      0      0      0      0      0      0      0       0       -      0      0      0      0      0      0      0      0      0      0      0      0      0      0      0      0      0      0      4      0      0      0      0      0      0      0      0      0      0      0      0      0      0      0      0      0      0      0      0      0     
0x7f86df5bb150           IMAD R23, R0, 0x400, R23                 0      0      0      163840 5242880 5242880 32     32     0      -      -      -      0      0      0      0      0      0      0       0       -      0      0      0      0      0      0      0      0      0      0      0      0      0      0      0      0      0      0      0      0      0      0      0      0      0      0      0      0      0      0      0      0      0      0      0      0      0      0      0      0     
0x7f86df5bb160           LOP3.LUT R0, R3, 0x20, R2, 0xfe, !PT     1      0      1      163840 5242880 5242880 32     32     0      -      -      -      0      0      0      0      0      0      0       0       -      0      0      0      0      0      0      0      0      0      0      0      0      0      0      0      0      0      0      1      0      0      0      0      0      0      0      0      0      0      0      0      0      0      0      0      0      0      0      0      0     
0x7f86df5bb170           ISETP.GE.AND P0, PT, R21, UR8, PT        4      2      4      163840 5242880 5242880 32     32     0      -      -      -      0      0      0      0      0      0      0       0       -      0      0      0      0      0      0      0      0      0      0      0      0      2      0      0      0      0      2      0      0      0      0      0      0      0      0      0      0      0      2      0      0      0      0      0      0      0      0      0      0     
0x7f86df5bb180           IMAD R3, R20, UR5, RZ                    1      0      1      163840 5242880 5242880 32     32     0      -      -      -      0      0      0      0      0      0      0       0       -      0      0      0      0      0      0      0      0      0      0      0      0      0      0      0      0      0      0      1      0      0      0      0      0      0      0      0      0      0      0      0      0      0      0      0      0      0      0      0      0     
0x7f86df5bb190           ISETP.LT.AND P1, PT, R20, UR9, !P0       12     6      12     163840 5242880 5242880 32     32     0      -      -      -      0      0      0      0      0      0      0       0       -      0      0      0      0      0      0      0      0      0      0      0      0      3      0      0      0      0      2      3      0      0      0      4      0      0      0      0      0      0      3      0      0      0      0      0      0      0      0      0      3     
0x7f86df5bb1a0           LEA R2, P3, R3, UR10, 0x1                1      1      1      163840 5242880 5242880 32     32     0      -      -      -      0      0      0      0      0      0      0       0       -      0      0      0      0      0      0      0      0      0      0      0      0      0      0      0      0      0      0      0      0      0      0      1      0      0      0      0      0      0      0      0      0      0      0      0      0      0      0      0      1     
0x7f86df5bb1b0           ISETP.LT.AND P0, PT, R0, UR9, !P0        1      0      1      163840 5242880 5242880 32     32     0      -      -      -      0      0      0      0      0      0      0       0       -      0      0      0      0      0      0      0      0      0      0      0      0      0      0      0      0      0      1      0      0      0      0      0      0      0      0      0      0      0      0      0      0      0      0      0      0      0      0      0      0     
0x7f86df5bb1c0           LEA.HI.X.SX32 R3, R3, UR11, 0x1, P3      1      0      1      163840 5242880 5242880 32     32     0      -      -      -      0      0      0      0      0      0      0       0       -      0      0      0      0      0      0      0      0      0      0      0      0      0      0      0      0      0      0      1      0      0      0      0      0      0      0      0      0      0      0      0      0      0      0      0      0      0      0      0      0     
0x7f86df5bb1d0           IMAD.WIDE R2, R21, 0x2, R2               4      3      4      163840 5242880 5242880 32     32     0      -      -      -      0      0      0      0      0      0      0       0       -      0      0      0      0      0      0      0      0      0      0      0      0      0      0      0      0      0      0      0      0      0      0      4      0      0      0      0      0      0      0      0      0      0      0      0      0      0      0      0      3     
0x7f86df5bb1e0           PRMT R13, R4, 0x7632, R8                 1935   1434   1935   163840 5242880 5242880 32     32     0      -      -      -      0      0      0      0      0      0      0       0       -      0      0      0      0      0      0      0      0      0      0      0      1934   0      0      0      0      0      1      0      0      0      0      0      0      0      0      0      0      1434   0      0      0      0      0      0      0      0      0      0      0     
0x7f86df5bb1f0           PRMT R12, R4, 0x5410, R8                 1      0      1      163840 5242880 5242880 32     32     0      -      -      -      0      0      0      0      0      0      0       0       -      0      0      0      0      0      0      0      0      0      0      0      0      0      0      0      0      0      0      1      0      0      0      0      0      0      0      0      0      0      0      0      0      0      0      0      0      0      0      0      0     
0x7f86df5bb200           PRMT R15, R5, 0x7632, R9                 1      0      1      163840 5242880 5242880 32     32     0      -      -      -      0      0      0      0      0      0      0       0       -      0      0      0      0      0      0      0      0      0      0      0      0      0      0      0      0      0      0      1      0      0      0      0      0      0      0      0      0      0      0      0      0      0      0      0      0      0      0      0      0     
0x7f86df5bb210           PRMT R14, R5, 0x5410, R9                 1      1      1      163840 5242880 5242880 32     32     0      -      -      -      0      0      0      0      0      0      0       0       -      0      0      0      0      0      0      0      0      0      0      0      0      0      0      0      0      0      0      0      0      0      0      1      0      0      0      0      0      0      0      0      0      0      0      0      0      0      0      0      1     
0x7f86df5bb220           PRMT R17, R6, 0x7632, R10                4      3      4      163840 5242880 5242880 32     32     0      -      -      -      0      0      0      0      0      0      0       0       -      0      0      0      0      0      0      0      0      0      0      0      0      0      0      0      0      0      0      1      0      0      0      3      0      0      0      0      0      0      0      0      0      0      0      0      0      0      0      0      3     
0x7f86df5bb230           PRMT R16, R6, 0x5410, R10                1      1      1      163840 5242880 5242880 32     32     0      -      -      -      0      0      0      0      0      0      0       0       -      0      0      0      0      0      0      0      0      0      0      0      0      0      0      0      0      0      0      0      0      0      0      1      0      0      0      0      0      0      0      0      0      0      0      0      0      0      0      0      1     
0x7f86df5bb240           STS.128 [R22+UR4], R12                   3      2      3      163840 5242880 5242880 32     32     0      Shared Store  128    0      4      0      655360 655360 0      0       0       -      0      0      0      0      0      0      0      0      0      0      0      0      0      0      2      0      0      0      1      0      0      0      0      0      0      0      0      0      0      0      0      2      0      0      0      0      0      0      0      0     
0x7f86df5bb250           PRMT R19, R7, 0x7632, R11                1      0      1      163840 5242880 5242880 32     32     0      -      -      -      0      0      0      0      0      0      0       0       -      0      0      0      0      0      0      0      0      0      0      0      0      0      0      0      0      0      0      1      0      0      0      0      0      0      0      0      0      0      0      0      0      0      0      0      0      0      0      0      0     
0x7f86df5bb260           PRMT R18, R7, 0x5410, R11                6      4      6      163840 5242880 5242880 32     32     0      -      -      -      0      0      0      0      0      0      0       0       -      0      0      0      0      0      0      0      0      0      0      0      0      0      0      0      0      0      0      2      0      0      0      4      0      0      0      0      0      0      0      0      0      0      0      0      0      0      0      0      4     
0x7f86df5bb270           LOP3.LUT R4, R23, 0x40, RZ, 0x3c, !PT    1      0      1      163840 5242880 5242880 32     32     0      -      -      -      0      0      0      0      0      0      0       0       -      0      0      0      0      0      0      0      0      0      0      0      0      0      0      0      0      0      0      1      0      0      0      0      0      0      0      0      0      0      0      0      0      0      0      0      0      0      0      0      0     
0x7f86df5bb280           STS.128 [R22+UR4+0x200], R16             6      5      6      163840 5242880 5242880 32     32     0      Shared Store  128    0      4      0      655360 655360 0      0       0       -      0      0      0      0      0      0      0      0      0      0      0      0      0      0      4      0      0      0      0      0      0      0      2      0      0      0      0      0      0      0      0      4      0      0      0      0      0      0      0      1     
0x7f86df5bb290           BAR.SYNC.DEFER_BLOCKING 0x0              1      1      1      163840 5242880 5242880 32     32     0      -      -      -      0      0      0      0      0      0      0       0       -      0      0      0      0      0      0      0      0      0      0      0      0      0      0      1      0      0      0      0      0      0      0      0      0      0      0      0      0      0      0      0      1      0      0      0      0      0      0      0      0     
0x7f86df5bb2a0           IMAD R13, R0, UR5, RZ                    26     21     26     163840 5242880 5242880 32     32     0      -      -      -      0      0      0      0      0      0      0       0       -      0      0      0      0      0      0      0      0      0      0      0      0      0      0      0      0      0      1      0      25     0      0      0      0      0      0      0      0      0      0      0      0      0      0      0      0      21     0      0      0     
0x7f86df5bb2b0           LEA R12, P2, R13, UR10, 0x1              8      5      8      163840 5242880 5242880 32     32     0      -      -      -      0      0      0      0      0      0      0       0       -      0      0      0      0      0      0      0      0      0      0      0      0      0      0      0      0      0      2      1      0      0      0      5      0      0      0      0      0      0      0      0      0      0      0      0      0      0      0      0      5     
0x7f86df5bb2c0           LEA.HI.X.SX32 R13, R13, UR11, 0x1, P2    7      3      7      163840 5242880 5242880 32     32     0      -      -      -      0      0      0      0      0      0      0       0       -      0      0      0      0      0      0      0      0      0      0      0      0      0      0      0      0      0      1      0      0      0      0      6      0      0      0      0      0      0      0      0      0      0      0      0      0      0      0      0      3     
0x7f86df5bb2d0           IMAD.WIDE R12, R21, 0x2, R12             3      1      3      163840 5242880 5242880 32     32     0      -      -      -      0      0      0      0      0      0      0       0       -      0      0      0      0      0      0      0      0      0      0      0      0      0      0      0      0      0      0      0      0      0      0      3      0      0      0      0      0      0      0      0      0      0      0      0      0      0      0      0      1     
0x7f86df5bb2e0           LDSM.16.MT88.4 R8, [R23+UR4]             660    527    660    163840 5242880 5242880 32     32     0      Shared Load   128    0      4      0      655360 655360 0      0       0       -      0      0      0      0      0      0      657    0      0      0      0      0      0      0      2      0      0      0      1      0      0      0      0      525    0      0      0      0      0      0      0      2      0      0      0      0      0      0      0      0     
0x7f86df5bb2f0           LDSM.16.MT88.4 R4, [R4+UR4]              9      5      9      163840 5242880 5242880 32     32     0      Shared Load   128    0      4      0      655360 655360 0      0       0       -      0      0      0      0      0      0      0      0      0      0      0      0      0      0      1      0      0      2      1      0      0      0      5      0      0      0      0      0      0      0      0      1      0      0      0      0      0      0      0      4     
0x7f86df5bb300     @P1   STG.E.128 desc[UR6][R2.64], R8           92     64     92     163840 5242880 5242880 32     32     0      Global Store  128    655360 0      0      0      0      0      2621440 2621440        0      0      0      0      0      0      0      0      0      0      0      0      0      0      4      0      0      1      1      82     0      0      4      0      0      0      0      0      0      0      0      4      0      0      0      0      57     0      0      3     
0x7f86df5bb310     @!P0  EXIT                                     1      0      1      163840 5242880 0       32     0      32     -      -      -      0      0      0      0      0      0      0       0       -      0      0      0      0      0      0      0      0      0      0      0      0      0      0      0      0      0      0      1      0      0      0      0      0      0      0      0      0      0      0      0      0      0      0      0      0      0      0      0      0     
0x7f86df5bb320           STG.E.128 desc[UR6][R12.64], R4          26     17     26     163840 5242880 5242880 32     32     0      Global Store  128    655360 0      0      0      0      0      2621440 2621440        0      0      0      0      0      0      0      0      0      0      2      0      0      0      3      0      0      0      2      17     0      0      2      0      0      0      0      2      0      0      0      3      0      0      0      0      10     0      0      2     
0x7f86df5bb330           EXIT                                     1      0      1      163840 5242880 5242880 32     32     0      -      -      -      0      0      0      0      0      0      0       0       -      0      0      0      0      0      0      0      0      0      0      0      0      0      0      0      0      0      0      1      0      0      0      0      0      0      0      0      0      0      0      0      0      0      0      0      0      0      0      0      0     
0x7f86df5bb340           BRA `(.L_x_0) 0x7f86df5bb340             181    145    181    0      0       0       0      0      0      -      -      -      0      0      0      0      0      0      0       0       -      0      0      0      0      0      0      0      5      0      175    0      0      0      0      0      0      0      0      0      0      0      0      1      0      2      0      142    0      0      0      0      0      0      0      0      0      0      0      0      1     
0x7f86df5bb350           NOP                                      0      0      0      0      0       0       0      0      32     -      -      -      0      0      0      0      0      0      0       0       -      0      0      0      0      0      0      0      0      0      0      0      0      0      0      0      0      0      0      0      0      0      0      0      0      0      0      0      0      0      0      0      0      0      0      0      0      0      0      0      0     
0x7f86df5bb360           NOP                                      0      0      0      0      0       0       0      0      32     -      -      -      0      0      0      0      0      0      0       0       -      0      0      0      0      0      0      0      0      0      0      0      0      0      0      0      0      0      0      0      0      0      0      0      0      0      0      0      0      0      0      0      0      0      0      0      0      0      0      0      0     
0x7f86df5bb370           NOP                                      0      0      0      0      0       0       0      0      32     -      -      -      0      0      0      0      0      0      0       0       -      0      0      0      0      0      0      0      0      0      0      0      0      0      0      0      0      0      0      0      0      0      0      0      0      0      0      0      0      0      0      0      0      0      0      0      0      0      0      0      0     
0x7f86df5bb380           NOP                                      0      0      0      0      0       0       0      0      32     -      -      -      0      0      0      0      0      0      0       0       -      0      0      0      0      0      0      0      0      0      0      0      0      0      0      0      0      0      0      0      0      0      0      0      0      0      0      0      0      0      0      0      0      0      0      0      0      0      0      0      0     
0x7f86df5bb390           NOP                                      0      0      0      0      0       0       0      0      32     -      -      -      0      0      0      0      0      0      0       0       -      0      0      0      0      0      0      0      0      0      0      0      0      0      0      0      0      0      0      0      0      0      0      0      0      0      0      0      0      0      0      0      0      0      0      0      0      0      0      0      0     
0x7f86df5bb3a0           NOP                                      0      0      0      0      0       0       0      0      32     -      -      -      0      0      0      0      0      0      0       0       -      0      0      0      0      0      0      0      0      0      0      0      0      0      0      0      0      0      0      0      0      0      0      0      0      0      0      0      0      0      0      0      0      0      0      0      0      0      0      0      0     
0x7f86df5bb3b0           NOP                                      0      0      0      0      0       0       0      0      32     -      -      -      0      0      0      0      0      0      0       0       -      0      0      0      0      0      0      0      0      0      0      0      0      0      0      0      0      0      0      0      0      0      0      0      0      0      0      0      0      0      0      0      0      0      0      0      0      0      0      0      0     
0x7f86df5bb3c0           NOP                                      0      0      0      0      0       0       0      0      32     -      -      -      0      0      0      0      0      0      0       0       -      0      0      0      0      0      0      0      0      0      0      0      0      0      0      0      0      0      0      0      0      0      0      0      0      0      0      0      0      0      0      0      0      0      0      0      0      0      0      0      0     
0x7f86df5bb3d0           NOP                                      0      0      0      0      0       0       0      0      32     -      -      -      0      0      0      0      0      0      0       0       -      0      0      0      0      0      0      0      0      0      0      0      0      0      0      0      0      0      0      0      0      0      0      0      0      0      0      0      0      0      0      0      0      0      0      0      0      0      0      0      0     
0x7f86df5bb3e0           NOP                                      0      0      0      0      0       0       0      0      32     -      -      -      0      0      0      0      0      0      0       0       -      0      0      0      0      0      0      0      0      0      0      0      0      0      0      0      0      0      0      0      0      0      0      0      0      0      0      0      0      0      0      0      0      0      0      0      0      0      0      0      0     
0x7f86df5bb3f0           NOP                                      0      0      0      0      0       0       0      0      32     -      -      -      0      0      0      0      0      0      0       0       -      0      0      0      0      0      0      0      0      0      0      0      0      0      0      0      0      0      0      0      0      0      0      0      0      0      0      0      0      0      0      0      0      0      0      0      0      0      0      0      0     
